39 01 00 00 00 00 04 df 91 68 f9
39 01 00 00 00 00 02 de 00
39 01 00 00 00 00 07 c1 00 10 00 00 00 00
39 01 00 00 00 00 08 bb 02 14 0a 4d 19 44 44
39 01 00 00 00 00 03 be 1a f2
39 01 00 00 00 00 15 c3 01 16 6c 16 6c 05 05 00 00 22 22 31 85 1c 05 6c 0a 10 0a 10
39 01 00 00 00 00 08 c4 13 2c 00 1a 0a 07 14
39 01 00 00 00 00 18 ce 00 03 03 03 03 03 03 03 03 03 03 03 03 03 03 03 03 03 03 03 03 0f 0f
39 01 00 00 00 00 0a cf 00 01 7c 01 50 01 7c 01 7c
39 01 00 00 00 00 18 d0 00 1f 12 10 15 15 1f 1f 06 06 04 04 0a 0a 08 08 00 1f 1f 1e 1e 15 15
39 01 00 00 00 00 18 d1 00 1f 13 11 15 15 1f 1f 07 07 05 05 0b 0b 09 09 00 1f 1f 1e 1e 15 15
39 01 00 00 00 00 18 d2 00 1f 11 13 15 15 1f 1f 09 09 0b 0b 05 05 07 07 00 1e 1e 1f 1f 15 15
39 01 00 00 00 00 18 d3 00 1f 10 12 15 15 1f 1f 08 08 0a 0a 04 04 06 06 00 1e 1e 1f 1f 15 15
39 01 00 00 00 00 26 d4 31 00 00 02 00 04 00 04 c2 00 00 03 03 00 00 80 06 c0 08 03 03 11 00 00 00 00 00 00 00 00 02 04 01 04 c7 04 c7
39 01 00 00 00 00 09 d5 68 73 00 0a 08 00 03 00
39 01 00 00 00 00 07 b7 00 e7 00 00 e7 00
39 01 00 00 00 00 27 c8 79 5e 4d 40 3a 2a 2e 18 31 30 31 52 42 4c 40 3d 30 1e 00 79 5e 4d 40 3a 2a 2e 18 31 30 31 52 42 4c 40 3d 30 1e 00
39 01 00 00 00 00 02 de 02
39 01 00 00 00 00 05 bb 00 5b 5c 41
39 01 00 00 00 00 04 cc 15 04 35
39 01 00 00 00 00 02 de 00
39 01 00 00 00 00 02 35 00
05 01 00 00 78 00 02 11 00
05 01 00 00 14 00 02 29 00
